0	0	0	0	0	0	1	0	0	4	2	2	0	0	1	0	0	0	0	0	0	17	3	4	4	0
1	1	0	1	0	0	0	0	0	5	5	0	0	0	1	-1	0	1	0	17	3	17	4	4	4	0
2	0	0	3	1	1	0	0	0	8	7	1	0	0	1	1	1	3	0	17	4	14	5	4	5	1
3	0	0	1	1	1	0	0	0	5	5	0	0	0	1	1	1	1	0	14	5	11	6	4	4	0
4	0	0	2	1	1	1	0	0	5	4	1	0	1	1	0	-1	2	0	11	6	15	6	4	4	0
5	0	0	6	0	0	1	0	0	6	5	1	0	1	1	0	0	6	0	15	6	15	5	4	4	0
 
6	0	0	1	0	0	0	0	0	2	2	0	0	0	1	-1	0	1	0	15	5	14	6	4	4	1
7	0	0	1	0	0	0	0	0	5	3	2	0	0	1	-1	0	1	0	14	6	14	5	4	4	0
8	0	0	1	2	2	0	0	0	3	2	1	0	2	1	-1	-2	2	0	14	5	15	3	4	4	-1
9	0	0	0	1	1	1	0	0	3	2	1	0	2	1	0	-1	1	0	15	3	15	6	4	4	0
10	0	0	2	0	0	0	0	0	7	4	3	0	1	1	2	0	2	0	15	6	13	5	4	4	0
11	0	0	1	2	2	1	0	0	2	1	1	0	1	1	-1	0	2	0	13	5	11	4	4	4	-1
  
26	0	0	1	0	0	0	0	0	3	3	0	0	0	1	1	0	1	0	12	5	11	3	4	4	1
27	0	0	3	1	1	0	0	1	6	5	1	1	0	1	1	-1	3	0	11	3	12	3	4	4	1
28	0	0	1	2	2	1	0	0	3	2	1	0	2	1	1	0	2	0	12	3	16	5	4	4	0
29	0	0	5	1	1	0	0	0	4	4	0	0	2	1	-1	-1	5	0	16	5	16	5	4	4	0
30	0	0	3	1	1	0	0	0	5	4	1	0	1	1	-1	1	3	0	16	5	12	6	4	4	1
31	0	0	0	0	0	0	0	0	6	5	1	0	1	1	0	0	0	0	12	6	11	5	4	4	0
 
32	0	0	0	1	1	0	0	0	5	4	1	0	0	1	0	1	1	0	11	5	12	5	4	4	1
33	0	0	0	2	2	0	0	1	5	5	0	0	0	1	0	-2	2	0	12	5	13	5	4	4	0
34	0	0	4	0	0	0	0	0	6	4	2	0	0	1	1	0	3	0	13	5	11	5	4	4	0
35	0	0	2	1	1	0	0	0	4	2	2	0	2	1	0	1	2	0	11	5	11	5	4	4	0
36	0	0	2	2	2	0	0	0	8	6	2	0	2	1	0	0	2	0	11	5	11	5	4	4	0
37	0	0	1	0	0	1	0	0	4	2	2	0	2	1	-1	0	1	0	11	5	12	4	4	4	1
38	0	0	0	1	1	0	0	0	8	4	4	0	2	1	0	1	1	0	12	4	18	7	4	4	0
39	0	0	2	1	1	0	0	0	8	5	3	0	2	1	0	1	2	0	18	7	18	7	4	8	0
40	0	0	0	1	1	0	0	0	4	2	2	0	1	1	0	-1	1	0	18	7	16	6	4	5	0
41	0	0	2	0	0	0	0	1	7	5	2	0	1	1	0	0	2	0	16	6	14	4	4	4	0
42	0	0	3	2	2	0	0	0	6	6	0	0	1	1	1	-1	3	0	14	4	12	3	4	4	0
 
43	0	0	1	2	2	0	0	0	4	4	0	0	0	1	-1	-2	2	0	12	3	13	3	4	4	-1
44	0	0	1	2	2	1	0	0	5	4	1	0	0	1	1	2	2	0	13	3	11	5	4	4	0
45	0	0	3	0	0	0	0	0	2	1	1	0	2	1	-1	0	3	0	11	5	11	5	4	4	0
46	0	0	1	0	0	0	0	1	6	4	2	0	2	1	1	0	1	0	11	5	13	7	4	6	0
47	0	0	1	0	0	0	0	0	2	0	2	0	1	1	1	0	1	0	13	7	14	6	4	4	1
48	0	0	2	1	1	0	0	0	4	4	0	0	1	1	0	1	2	0	14	6	15	4	4	4	0
 
49	0	0	3	0	0	0	0	0	4	2	2	0	0	1	0	0	2	0	15	4	13	4	4	4	1
50	0	0	1	0	0	0	0	0	2	2	0	0	0	1	-1	0	1	0	13	4	16	4	4	4	1
51	0	0	5	1	1	0	0	0	7	5	2	0	0	1	-5	-1	5	0	16	4	16	4	4	4	0
52	0	0	1	0	0	0	0	0	4	3	1	0	2	1	-1	0	1	0	16	4	14	4	4	4	0
53	0	0	1	2	2	0	0	0	4	1	3	0	2	1	-1	0	2	0	14	4	15	3	4	4	0
54	0	0	2	2	2	0	0	0	3	3	0	0	2	1	0	2	2	0	15	3	14	3	4	4	0
55	0	0	2	1	1	0	0	1	9	8	1	0	2	1	2	-1	2	0	14	3	15	4	4	4	0
56	0	0	1	6	6	0	0	0	7	5	2	0	2	1	1	2	6	0	15	4	15	5	4	4	0
57	0	0	2	1	1	0	0	0	3	0	3	0	2	1	0	-1	2	0	15	5	16	6	4	4	0
58	0	0	1	2	2	0	0	0	7	4	3	0	1	1	-1	-2	2	0	16	6	16	5	4	4	0
59	0	0	1	0	0	0	0	0	4	4	0	0	1	1	-1	0	1	0	16	5	12	4	4	6	0
60	0	0	1	1	1	0	0	0	6	4	2	0	1	1	1	1	1	0	12	4	13	5	4	4	0
 
61	0	0	2	0	0	0	0	0	4	4	0	0	0	1	0	0	2	0	13	5	13	3	4	4	1
62	0	0	0	0	0	1	0	0	3	3	0	0	0	1	0	0	0	0	13	3	13	3	4	4	0
63	0	0	1	0	0	0	0	0	5	3	2	0	0	1	-1	0	1	0	13	3	14	5	4	4	0
64	0	0	0	2	2	0	0	0	3	2	1	0	2	1	0	2	4	0	14	5	15	5	4	7	0
65	0	0	0	6	6	1	0	0	4	3	1	0	2	1	0	2	6	0	15	5	12	4	4	4	-1
66	0	0	1	0	0	0	0	0	5	3	2	0	2	1	1	0	1	0	12	4	15	6	4	4	0
67	0	0	5	1	1	0	0	0	6	4	2	0	2	1	1	-1	5	0	15	6	15	5	4	4	0
68	0	0	1	1	1	0	0	0	3	2	1	0	2	1	-1	-1	1	0	15	5	14	5	4	4	0
69	0	0	6	2	2	1	0	0	5	4	1	0	2	1	4	0	6	0	14	5	13	6	4	4	0
70	0	0	3	1	1	0	0	0	5	3	2	0	1	1	1	-1	3	0	13	6	13	5	4	4	0
71	0	0	2	4	4	0	0	0	2	0	2	0	1	1	2	0	4	0	13	5	16	6	4	4	0
72	0	0	2	1	1	0	0	0	7	5	2	0	1	1	2	1	2	0	16	6	16	6	4	4	0
 
73	0	0	2	1	1	1	0	0	5	5	0	0	0	1	-2	-1	2	0	16	6	14	5	4	4	1
74	0	0	0	1	1	0	0	0	7	6	1	0	0	1	0	-1	1	0	14	5	15	7	4	8	0
75	0	0	1	0	0	0	0	0	6	5	1	0	2	1	-1	0	1	0	15	7	15	6	4	4	0
76	1	0	3	0	0	0	0	0	4	3	1	0	2	1	-1	0	3	0	15	6	14	3	4	4	0
77	0	0	0	0	0	0	0	0	6	5	1	1	2	1	0	0	0	0	14	3	13	5	4	4	0
78	1	0	3	0	0	1	0	0	3	3	0	0	1	1	0	0	4	0	13	5	14	3	4	4	1
79	0	0	1	1	1	0	0	0	3	2	1	0	1	1	0	1	1	0	14	3	13	4	4	4	0
 
80	1	0	3	1	1	0	0	1	5	4	1	0	0	1	-1	-1	3	0	13	4	18	6	4	4	1
81	0	0	3	0	0	0	0	1	10	6	4	0	0	1	1	0	3	0	18	6	18	6	4	4	0
82	0	0	1	1	1	0	0	0	7	6	1	0	2	1	-1	-1	1	0	18	6	16	6	4	4	0
83	0	0	5	0	0	0	0	0	0	0	0	0	2	0	0	0	0	0	16	6	16	4	4	4	0
84	0	0	1	0	0	0	0	0	9	5	4	0	2	1	-1	0	1	0	16	4	16	5	4	4	0
85	0	0	3	0	0	1	0	0	4	1	3	0	2	1	-2	0	2	0	16	5	14	5	5	4	0
86	0	0	2	0	0	0	0	0	6	5	1	0	1	1	0	0	2	0	14	5	13	5	4	4	0
87	0	0	1	1	1	0	0	0	5	3	2	0	1	1	1	1	1	0	13	5	12	4	4	4	0
 
88	0	0	1	3	3	0	0	0	2	1	1	0	0	1	0	-1	3	0	12	4	12	4	4	4	-1
89	0	0	3	1	1	0	0	0	3	2	1	0	0	1	2	-1	2	0	12	4	12	3	4	4	1
90	0	0	0	2	2	0	0	0	5	2	3	0	0	1	0	0	2	0	12	3	12	3	4	4	-1
91	0	0	2	3	3	0	0	0	3	2	1	0	2	1	-2	3	3	0	12	3	11	4	4	4	0
92	0	0	0	2	2	0	0	0	4	2	2	0	2	1	0	-2	2	0	11	4	11	6	4	4	0
93	0	0	1	1	1	0	0	0	4	4	0	0	2	1	-1	0	1	0	11	6	12	4	4	4	0
94	0	0	1	0	0	0	0	0	5	5	0	0	0	1	-1	0	1	0	12	4	17	5	4	4	0
95	0	0	3	1	1	1	0	0	9	5	4	0	0	1	1	1	3	0	17	5	17	5	4	5	0
96	0	0	2	0	0	0	0	0	5	5	0	0	0	1	2	0	2	0	17	5	12	5	4	4	0
97	0	0	1	2	2	0	0	0	6	5	1	0	0	1	1	2	2	0	12	5	14	4	4	4	0
98	1	0	3	2	2	0	0	0	7	5	2	0	0	1	-1	-2	3	0	14	4	15	4	4	4	0
 
99	0	0	2	1	1	0	0	0	5	3	2	0	1	1	2	-1	2	0	15	4	0	0	4	4	1
